843.09 0.42 -444.27 -239.81 -591.01 0.23 239.64 -5.17 0.25 69.31 -0.06 1.69 28.96 1.59 0.07 0.02 -0.00 1.30
0.42 1208.95 -4.06 -4.33 0.22 -831.35 -0.02 -0.25 -235.68 0.00 72.26 -0.06 0.00 -0.07 -31.70 0.00 1.40 0.00
-444.27 -4.06 376.68 248.98 296.54 4.32 -244.67 8.15 -0.02 -71.76 0.00 -0.02 -31.20 -0.02 -0.00 -0.77 0.00 -0.02
-239.81 -4.33 248.98 194.38 173.51 4.32 -190.08 6.04 -0.02 -55.95 -0.00 -0.02 -24.60 -0.02 0.00 -0.77 -0.00 -0.02
-591.01 0.22 296.54 173.51 441.63 -0.23 -173.35 2.61 -0.25 -50.11 0.06 -1.69 -20.94 -1.59 -0.07 -0.02 0.00 -1.30
0.23 -831.35 4.32 4.32 -0.23 627.37 0.02 0.25 183.64 -0.00 -56.45 0.06 -0.00 0.07 25.09 -0.00 -1.40 -0.00
239.64 -0.02 -244.67 -190.08 -173.35 0.02 190.08 -6.04 0.02 55.95 -0.00 0.02 24.60 0.02 -0.00 0.77 -0.00 0.02
-5.17 -0.25 8.15 6.04 2.61 0.25 -6.04 4.32 0.25 -1.83 -0.06 1.69 -0.76 1.59 0.07 0.02 -0.00 1.30
0.25 -235.68 -0.02 -0.02 -0.25 183.64 0.02 0.25 190.56 0.00 -56.45 0.06 -0.00 0.07 25.09 -0.00 -1.40 -0.00
69.31 0.00 -71.76 -55.95 -50.11 -0.00 55.95 -1.83 0.00 21.87 -0.00 0.02 10.36 0.02 -0.00 0.77 0.00 0.02
-0.06 72.26 0.00 -0.00 0.06 -56.45 -0.00 -0.06 -56.45 -0.00 22.37 -0.06 -0.00 -0.07 -10.86 0.00 1.40 0.00
1.69 -0.06 -0.02 -0.02 -1.69 0.06 0.02 1.69 0.06 0.02 -0.06 1.69 0.02 1.59 0.07 0.02 0.00 1.30
28.96 0.00 -31.20 -24.60 -20.94 -0.00 24.60 -0.76 -0.00 10.36 -0.00 0.02 5.73 0.02 -0.00 0.77 0.00 0.02
1.59 -0.07 -0.02 -0.02 -1.59 0.07 0.02 1.59 0.07 0.02 -0.07 1.59 0.02 1.59 0.07 0.02 -0.00 1.30
0.07 -31.70 -0.00 0.00 -0.07 25.09 -0.00 0.07 25.09 -0.00 -10.86 0.07 -0.00 0.07 6.22 -0.00 -1.40 -0.00
0.02 0.00 -0.77 -0.77 -0.02 -0.00 0.77 0.02 -0.00 0.77 0.00 0.02 0.77 0.02 -0.00 0.77 0.00 0.02
-0.00 1.40 0.00 -0.00 0.00 -1.40 -0.00 -0.00 -1.40 0.00 1.40 0.00 0.00 -0.00 -1.40 0.00 1.40 0.00
1.30 0.00 -0.02 -0.02 -1.30 -0.00 0.02 1.30 -0.00 0.02 0.00 1.30 0.02 1.30 -0.00 0.02 0.00 1.30

